0x93B51BAF = 26
0x8BE54D73 = 25
0xFBBC6631 = 24

93B51BAF = 26
Unknown encoding: 93B51BAF (32 bits)
Raw (74): 8850 -4450 600 -1650 600 -600 550 -650 550 -1700 550 -650 550 -600 600 -600 550 -600 600 -600 600 -1650 600 -600 600 -1650 600 -600 550 -650 550 -600 600 -600 550 -650 550 -600 600 -600 550 -650 550 -600 600 -600 550 -1700 600 -600 550 -650 550 -600 600 -600 550 -600 600 -1700 550 -600 600 -1700 550 -600 600 -600 600 -1650 600 -600 550 
8BE54D73 = 25
Unknown encoding: 8BE54D73 (32 bits)
Raw (74): 8850 -4450 600 -1650 600 -600 600 -600 550 -1700 600 -600 550 -600 600 -600 600 -600 550 -1700 550 -650 550 -600 600 -1700 550 -600 600 -600 550 -650 550 -600 600 -600 550 -650 550 -600 600 -600 550 -650 550 -600 600 -1650 600 -600 600 -600 550 -600 600 -600 600 -600 550 -1700 600 -600 550 -1700 550 -650 550 -600 600 -1650 600 -600 600 
FBBC6631 = 24
Unknown encoding: FBBC6631 (32 bits)
Raw (74): 8800 -4500 550 -1700 550 -600 600 -600 600 -1650 600 -600 600 -600 550 -600 600 -600 600 -600 550 -600 600 -600 600 -1650 600 -600 550 -650 550 -600 600 -600 550 -650 550 -600 600 -600 550 -650 550 -600 600 -600 550 -1700 600 -600 550 -600 600 -600 600 -600 550 -600 600 -1700 550 -600 600 -1700 550 -600 600 -600 550 -1700 600 -600 550 
369C764D = 23
Unknown encoding: 369C764D (32 bits)
Raw (74): 9100 -4150 900 -1350 950 -250 900 -300 850 -1400 800 -400 750 -450 650 -500 650 -550 650 -1650 600 -1650 600 -1650 600 -600 550 -650 550 -600 600 -600 550 -650 550 -600 600 -600 550 -650 550 -600 600 -600 550 -650 550 -1700 550 -600 600 -600 600 -600 550 -600 600 -600 600 -1650 600 -600 600 -1650 600 -600 550 -650 550 -1700 550 -600 600 


